%YAML:1.0
---
hog: !!opencv-object-detector-hog
   winSize: [ 64, 128 ]
   blockSize: [ 16, 16 ]
   blockStride: [ 8, 8 ]
   cellSize: [ 8, 8 ]
   nbins: 9
   derivAperture: 1
   winSigma: 4.
   histogramNormType: 0
   L2HysThreshold: 2.0000000000000001e-01
   gammaCorrection: 0
   nlevels: 64
   signedGradient: 0
   SVMDetector: [ 8.67664255e-03, -3.44783370e-03, 1.45248749e-04,
       2.46811891e-03, 5.06967306e-03, -5.19353850e-03, -2.61074700e-03,
       -7.11643184e-03, 8.08864553e-03, 7.43951229e-03, 7.98926130e-03,
       -2.91287689e-03, -1.27898052e-03, -8.14592186e-03,
       -1.26493713e-02, 3.02233850e-03, -1.02221500e-02, 2.30608718e-03,
       2.26776265e-02, -1.36227887e-02, 1.02036642e-02, 9.53222997e-03,
       5.96134365e-03, -1.00000703e-03, -5.04784938e-03, -1.57433318e-03,
       7.12711038e-03, 1.63657051e-02, -1.32990337e-03, -1.19218719e-03,
       8.04547593e-03, 1.10372761e-03, 6.90422836e-04, -4.07923851e-03,
       -5.80721069e-03, 4.93505411e-03, -9.70509544e-04, -4.63759119e-04,
       -1.55876745e-02, 1.95103686e-03, 1.10805628e-03, -8.61086138e-03,
       -5.94206760e-03, -1.06037380e-02, -3.72741418e-03,
       -1.71348674e-03, -2.00553308e-03, -1.37988664e-03, 1.97902359e-02,
       1.29023343e-02, -2.19552909e-04, 4.64260532e-03, -7.44352641e-04,
       6.80278847e-03, -2.74590775e-03, -7.07832165e-04, -4.82663652e-03,
       7.88939744e-03, 8.66723014e-04, -5.33527648e-03, -3.10404040e-03,
       -1.67067125e-02, -1.09619619e-02, 1.40619306e-02, 1.14325499e-02,
       3.36863654e-04, 2.18200274e-02, 4.89701889e-03, -2.04380369e-04,
       -5.17103868e-03, 3.06992349e-03, 1.35724887e-03, 1.04100816e-02,
       6.71523344e-03, 8.99928808e-03, -2.43483274e-03, -1.33844223e-02,
       -1.11464150e-02, -4.49614786e-03, 3.75017058e-03, 9.88902291e-04,
       4.81936242e-03, 4.52351850e-03, 3.56851704e-03, 7.05367606e-03,
       3.79077438e-03, 1.59832817e-02, 7.72161642e-03, 5.76317636e-03,
       -1.08231837e-02, 1.19658494e-02, 1.86136439e-02, -2.75931321e-03,
       -4.24223079e-04, -1.35406479e-02, -1.43273743e-02,
       -1.21450890e-02, 2.39440501e-02, 2.81253783e-03, -2.72715837e-03,
       8.01244844e-03, -8.77471361e-03, 1.08427294e-02, -2.11047661e-02,
       1.96649227e-03, -1.40830232e-02, 1.56602485e-03, -1.63894277e-02,
       2.24145362e-03, 4.18523932e-03, 1.15118595e-02, 1.12031056e-02,
       2.43466180e-02, 1.76289082e-02, 4.78525972e-03, -5.43208327e-04,
       -5.44642797e-03, -4.45645349e-03, -6.49551116e-03,
       -1.28118484e-03, -7.59148598e-03, 1.39924372e-02, -1.03677483e-03,
       4.50070621e-03, 1.47676596e-03, -4.97506745e-03, 1.12341135e-03,
       -2.09468254e-03, 2.30578647e-04, 9.52968374e-03, 4.78399452e-03,
       3.41173843e-03, -5.68524282e-03, 9.63203423e-03, -1.37318261e-02,
       -9.58961528e-03, -1.05430698e-02, -5.73802227e-03,
       -1.87164880e-02, -7.33750779e-03, -1.64987985e-02,
       -1.06858462e-02, 1.51574919e-02, -9.02695023e-03, -2.08376907e-03,
       -1.02784988e-02, -8.45417473e-03, 7.53989094e-04, 1.92106329e-02,
       9.21100192e-03, 3.62189785e-02, 1.10526271e-02, 9.57971322e-04,
       -6.41972510e-05, -1.64285824e-02, -2.76506171e-02,
       -2.26814169e-02, 1.34791108e-02, -3.06891464e-03, 6.86116703e-03,
       9.65253729e-03, -1.51985232e-03, -1.77198881e-03, -4.24235454e-03,
       7.69470353e-03, -2.65870942e-03, 6.55760383e-03, -1.00711649e-02,
       6.72942307e-03, 1.29038095e-02, -4.80947550e-03, -9.35337879e-03,
       3.13832797e-03, -6.80882344e-03, 1.56487280e-03, 1.82365198e-02,
       -1.09970279e-03, 1.33929783e-02, 8.58712534e-04, -6.38326723e-03,
       -4.25226567e-03, -1.06048137e-02, -1.43041750e-02,
       -1.41294813e-03, 1.52849341e-02, 9.09229275e-03, 1.87796226e-03,
       -1.89744181e-03, 3.18928249e-03, -1.09746866e-03, -1.25827277e-02,
       1.72482381e-04, 1.61185383e-03, 9.18393023e-03, 1.65047515e-02,
       3.97426356e-03, -1.58071667e-02, -1.40784925e-03, -9.16252472e-03,
       1.86336059e-02, -6.57147216e-03, 3.72703094e-03, 9.84915998e-03,
       1.51477791e-02, 5.89003600e-03, -1.75383539e-04, -3.52293695e-03,
       -4.13675467e-03, -6.77898340e-03, 2.10424373e-03, -7.99822062e-03,
       -1.38672162e-02, 4.19533066e-03, -2.99477414e-03, -6.52204454e-03,
       -9.58036259e-03, 1.31087108e-02, 5.64340386e-04, 1.60696695e-03,
       -2.18174406e-04, 2.91072149e-02, 1.81437731e-02, 5.91719896e-03,
       -6.57533668e-03, 4.21982817e-03, -1.76456364e-04, -4.73495951e-04,
       -1.92533189e-03, -8.31919257e-03, 9.78305005e-03, -6.02383539e-03,
       -4.75813728e-03, -1.65575501e-02, -8.61334521e-03, 6.00120565e-03,
       -8.44552089e-03, 1.04981801e-02, 8.71987175e-03, 6.75511546e-03,
       1.30430646e-02, -9.54454113e-03, -5.47249848e-03, -1.36213773e-03,
       -2.21550203e-04, 2.09499430e-03, -8.33566859e-03, -1.57755055e-02,
       3.56072164e-03, -2.93669617e-03, -2.93047652e-02, -5.69966249e-03,
       -1.88842285e-02, 5.81744185e-04, -5.40915597e-03, -2.60361913e-03,
       -7.86048826e-03, 3.23734991e-02, 6.78346725e-03, -2.79957382e-03,
       -5.57050575e-03, 4.21629194e-03, -8.70855246e-03, -1.48681784e-02,
       -7.21935323e-03, -1.34541383e-02, 1.21009871e-02, -6.30318373e-03,
       -7.37017067e-03, 4.40475182e-04, -5.65321092e-03, 6.19909633e-03,
       2.11963970e-02, 3.61220003e-03, -7.24476669e-03, 1.62425674e-02,
       1.63326021e-02, 1.69187994e-03, 1.92075502e-02, -3.40037490e-03,
       7.82852806e-03, -6.45772927e-03, 1.52028305e-02, -8.51609744e-03,
       -5.66005067e-04, 3.34876007e-03, 1.54043101e-02, 9.36812349e-03,
       9.91272274e-04, -8.02983472e-04, -4.29785298e-03, -8.67719948e-03,
       -2.23274482e-03, 1.32672945e-02, 3.40908882e-03, -4.34868922e-03,
       -1.72739453e-03, 2.31470191e-03, -3.54430941e-03, -2.33483315e-02,
       -2.60455105e-02, 9.06443596e-03, 1.51582463e-02, 2.13279352e-02,
       3.24235554e-03, -1.50847845e-02, -2.49227346e-03, 2.49088369e-02,
       -1.09053580e-02, -3.26412031e-03, -4.93075559e-03, 5.69421658e-03,
       9.48511530e-03, 1.42436726e-02, 6.18246244e-03, 1.11303777e-02,
       2.34441459e-03, -1.25186425e-02, -1.59866009e-02, -4.24005976e-03,
       -7.70587707e-03, 8.98062997e-03, 2.32594390e-03, -3.92724015e-03,
       -6.28229929e-04, -4.43771435e-03, -7.80005613e-03,
       -6.15904387e-03, -1.25094422e-03, 2.71479245e-02, 1.79831162e-02,
       -1.50097650e-03, -5.63041540e-03, -9.01047792e-03, 3.13460734e-03,
       1.66521955e-03, 4.52010054e-03, -4.60384879e-04, 8.55668075e-03,
       7.08985049e-03, 9.26550198e-03, -2.22594640e-03, -7.67919607e-03,
       9.01200715e-03, 6.99191215e-03, -6.49603968e-03, 6.90013776e-03,
       6.36773743e-03, 3.78952269e-03, 1.27099361e-03, 1.53378360e-02,
       7.32466672e-03, -3.53414752e-03, 2.66915653e-03, -7.33997626e-03,
       4.30741301e-03, 2.47429521e-03, -6.91784266e-03, 1.94248352e-02,
       6.24599168e-03, 4.28683497e-03, 6.92078285e-03, 9.26128530e-04,
       -8.32025521e-03, 5.98062761e-03, 4.70818812e-03, -9.32671071e-04,
       2.22823257e-03, 3.01636779e-03, 1.03405938e-02, 1.47212222e-02,
       8.74021556e-03, -4.44135582e-03, -4.42644488e-03, 1.06099807e-02,
       -2.12221756e-03, 3.95607017e-03, -9.14878561e-04, 1.95466839e-02,
       6.11971039e-03, 1.16174007e-02, -8.18148162e-03, -7.96145480e-03,
       2.65923049e-03, -1.69565482e-03, 7.15961447e-03, -4.37411101e-04,
       1.31691052e-02, 1.35113450e-03, 1.03452066e-02, 1.66094815e-03,
       9.68024775e-04, 6.21861080e-03, 5.81523869e-03, 6.03664666e-03,
       -4.00257763e-03, 1.32005457e-02, 1.49861341e-02, -4.59416944e-04,
       6.96219737e-04, 3.43401614e-03, 1.45059517e-02, 1.98637927e-03,
       4.52288426e-03, -6.80372631e-03, 1.98546704e-02, 1.51471412e-02,
       2.32295226e-03, 9.15706914e-04, -1.03622014e-02, -6.82647806e-03,
       1.33399572e-03, 9.88334324e-03, 6.58388063e-03, 1.25271836e-02,
       1.04802903e-02, 1.51375064e-03, -4.79159225e-03, 5.47286682e-03,
